
"desordenado"
int data[100] = {45, -12, 9, 0, -100, 87, 23, -34, 56, 8,
                           -89, 67, 12, 43, -1, 92, -5, 37, -16, 74,
                           15, -8, 93, 22, -44, 5, -73, 64, -33, 51,
                           86, -92, 19, 40, 85, -60, 30, -20, 99, -25,
                           70, 11, -49, 62, -71, 34, 90, -12, 55, -4,
                           77, -58, 24, -47, 48, -16, 83, 39, -1, 68,
                           12, 56, 91, -8, 73, -10, 43, -90, 67, 24,
                           -82, 59, -39, 41, 66, -46, 31, 52, -27, 93};

"semi-ordenado"
int data[100] = {1, 2, 3, 4, 5, 6, 7, 8, 9, 10,
                                     11, 12, 13, 14, 15, 16, 17, 18, 19, 20,
                                     21, 22, 23, 24, 25, 26, 27, 28, 29, 30,
                                     31, 32, 33, 34, 35, 36, 37, 38, 39, 40,
                                     41, 42, 43, 44, 45, 46, 47, 48, 49, 50,
                                     12, 65, 43, 89, 23, 56, 90, 77, 33, 44,
                                     10, 50, 80, 19, 37, 82, 94, 64, 88, 41,
                                     51, 30, 95, 12, 78, 99, 20, 61, 53, 14,
                                     57, 24, 83, 45, 89, 18, 22, 73, 16, 80};

"ordenados"
int data[100] = {-500, -400, -300, -200, -100, 0, 100, 200, 300, 400,
                           500, 600, 700, 800, 900, 1000, 1100, 1200, 1300, 1400,
                           1500, 1600, 1700, 1800, 1900, 2000, 2100, 2200, 2300, 2400,
                           2500, 2600, 2700, 2800, 2900, 3000, 3100, 3200, 3300, 3400,
                           3500, 3600, 3700, 3800, 3900, 4000, 4100, 4200, 4300, 4400,
                           4500, 4600, 4700, 4800, 4900, 5000, 5100, 5200, 5300, 5400,
                           5500, 5600, 5700, 5800, 5900, 6000, 6100, 6200, 6300, 6400,
                           6500, 6600, 6700, 6800, 6900, 7000, 7100, 7200, 7300, 7400,
                           7500, 7600, 7700, 7800, 7900, 8000, 8100, 8200, 8300, 8400};

"ordenados"
int datos[1000] = {
    1, 2, 3, 4, 5, 6, 7, 8, 9, 10,
    11, 12, 13, 14, 15, 16, 17, 18, 19, 20,
    21, 22, 23, 24, 25, 26, 27, 28, 29, 30,
    31, 32, 33, 34, 35, 36, 37, 38, 39, 40,
    41, 42, 43, 44, 45, 46, 47, 48, 49, 50,
    51, 52, 53, 54, 55, 56, 57, 58, 59, 60,
    61, 62, 63, 64, 65, 66, 67, 68, 69, 70,
    71, 72, 73, 74, 75, 76, 77, 78, 79, 80,
    81, 82, 83, 84, 85, 86, 87, 88, 89, 90,
    91, 92, 93, 94, 95, 96, 97, 98, 99, 100,
    101, 102, 103, 104, 105, 106, 107, 108, 109, 110,
    111, 112, 113, 114, 115, 116, 117, 118, 119, 120,
    121, 122, 123, 124, 125, 126, 127, 128, 129, 130,
    131, 132, 133, 134, 135, 136, 137, 138, 139, 140,
    141, 142, 143, 144, 145, 146, 147, 148, 149, 150,
    151, 152, 153, 154, 155, 156, 157, 158, 159, 160,
    161, 162, 163, 164, 165, 166, 167, 168, 169, 170,
    171, 172, 173, 174, 175, 176, 177, 178, 179, 180,
    181, 182, 183, 184, 185, 186, 187, 188, 189, 190,
    191, 192, 193, 194, 195, 196, 197, 198, 199, 200,
    201, 202, 203, 204, 205, 206, 207, 208, 209, 210,
    211, 212, 213, 214, 215, 216, 217, 218, 219, 220,
    221, 222, 223, 224, 225, 226, 227, 228, 229, 230,
    231, 232, 233, 234, 235, 236, 237, 238, 239, 240,
    241, 242, 243, 244, 245, 246, 247, 248, 249, 250,
    251, 252, 253, 254, 255, 256, 257, 258, 259, 260,
    261, 262, 263, 264, 265, 266, 267, 268, 269, 270,
    271, 272, 273, 274, 275, 276, 277, 278, 279, 280,
    281, 282, 283, 284, 285, 286, 287, 288, 289, 290,
    291, 292, 293, 294, 295, 296, 297, 298, 299, 300,
    301, 302, 303, 304, 305, 306, 307, 308, 309, 310,
    311, 312, 313, 314, 315, 316, 317, 318, 319, 320,
    321, 322, 323, 324, 325, 326, 327, 328, 329, 330,
    331, 332, 333, 334, 335, 336, 337, 338, 339, 340,
    341, 342, 343, 344, 345, 346, 347, 348, 349, 350,
    351, 352, 353, 354, 355, 356, 357, 358, 359, 360,
    361, 362, 363, 364, 365, 366, 367, 368, 369, 370,
    371, 372, 373, 374, 375, 376, 377, 378, 379, 380,
    381, 382, 383, 384, 385, 386, 387, 388, 389, 390,
    391, 392, 393, 394, 395, 396, 397, 398, 399, 400,
    401, 402, 403, 404, 405, 406, 407, 408, 409, 410,
    411, 412, 413, 414, 415, 416, 417, 418, 419, 420,
    421, 422, 423, 424, 425, 426, 427, 428, 429, 430,
    431, 432, 433, 434, 435, 436, 437, 438, 439, 440,
    441, 442, 443, 444, 445, 446, 447, 448, 449, 450,
    451, 452, 453, 454, 455, 456, 457, 458, 459, 460,
    461, 462, 463, 464, 465, 466, 467, 468, 469, 470,
    471, 472, 473, 474, 475, 476, 477, 478, 479, 480,
    481, 482, 483, 484, 485, 486, 487, 488, 489, 490,
    491, 492, 493, 494, 495, 496, 497, 498, 499, 500,
    501, 502, 503, 504, 505, 506, 507, 508, 509, 510,
    511, 512, 513, 514, 515, 516, 517, 518, 519, 520,
    521, 522, 523, 524, 525, 526, 527, 528, 529, 530,
    531, 532, 533, 534, 535, 536, 537, 538, 539, 540,
    541, 542, 543, 544, 545, 546, 547, 548, 549, 550,
    551, 552, 553, 554, 555, 556, 557, 558, 559, 560,
    561, 562, 563, 564, 565, 566, 567, 568, 569, 570,
    571, 572, 573, 574, 575, 576, 577, 578, 579, 580,
    581, 582, 583, 584, 585, 586, 587, 588, 589, 590,
    591, 592, 593, 594, 595, 596, 597, 598, 599, 600,
    601, 602, 603, 604, 605, 606, 607, 608, 609, 610,
    611, 612, 613, 614, 615, 616, 617, 618, 619, 620,
    621, 622, 623, 624, 625, 626, 627, 628, 629, 630,
    631, 632, 633, 634, 635, 636, 637, 638, 639, 640,
    641, 642, 643, 644, 645, 646, 647, 648, 649, 650,
    651, 652, 653, 654, 655, 656, 657, 658, 659, 660,
    661, 662, 663, 664, 665, 666, 667, 668, 669, 670,
    671, 672, 673, 674, 675, 676, 677, 678, 679, 680,
    681, 682, 683, 684, 685, 686, 687, 688, 689, 690,
    691, 692, 693, 694, 695, 696, 697, 698, 699, 700,
    701, 702, 703, 704, 705, 706, 707, 708, 709, 710,
    711, 712, 713, 714, 715, 716, 717, 718, 719, 720,
    721, 722, 723, 724, 725, 726, 727, 728, 729, 730,
    731, 732, 733, 734, 735, 736, 737, 738, 739, 740,
    741, 742, 743, 744, 745, 746, 747, 748, 749, 750,
    751, 752, 753, 754, 755, 756, 757, 758, 759, 760,
    761, 762, 763, 764, 765, 766, 767, 768, 769, 770,
    771, 772, 773, 774, 775, 776, 777, 778, 779, 780,
    781, 782, 783, 784, 785, 786, 787, 788, 789, 790,
    791, 792, 793, 794, 795, 796, 797, 798, 799, 800,
    801, 802, 803, 804, 805, 806, 807, 808, 809, 810,
    811, 812, 813, 814, 815, 816, 817, 818, 819, 820,
    821, 822, 823, 824, 825, 826, 827, 828, 829, 830,
    831, 832, 833, 834, 835, 836, 837, 838, 839, 840,
    841, 842, 843, 844, 845, 846, 847, 848, 849, 850,
    851, 852, 853, 854, 855, 856, 857, 858, 859, 860,
    861, 862, 863, 864, 865, 866, 867, 868, 869, 870,
    871, 872, 873, 874, 875, 876, 877, 878, 879, 880,
    881, 882, 883, 884, 885, 886, 887, 888, 889, 890,
    891, 892, 893, 894, 895, 896, 897, 898, 899, 900,
    901, 902, 903, 904, 905, 906, 907, 908, 909, 910,
    911, 912, 913, 914, 915, 916, 917, 918, 919, 920,
    921, 922, 923, 924, 925, 926, 927, 928, 929, 930,
    931, 932, 933, 934, 935, 936, 937, 938, 939, 940,
    941, 942, 943, 944, 945, 946, 947, 948, 949, 950,
    951, 952, 953, 954, 955, 956, 957, 958, 959, 960,
    961, 962, 963, 964, 965, 966, 967, 968, 969, 970,
    971, 972, 973, 974, 975, 976, 977, 978, 979, 980,
    981, 982, 983, 984, 985, 986, 987, 988, 989, 990,
    991, 992, 993, 994, 995, 996, 997, 998, 999, 1000
};



(codigo para generar arreglos de 1000 enteros desordenados)
"desordenados"
        const int SIZE = 1000;  // Tamaño del arreglo
        int datos[SIZE]; //el arreglo

        // Crear un generador de números aleatorios y una distribución uniforme
        std::random_device rd;                      // Obtiene un valor aleatorio del hardware
        std::mt19937 gen(rd());                     // Inicializa el generador de números aleatorios
        std::uniform_int_distribution<> dis(0, 9999);  // Define el rango de números aleatorios

        // Generar 1000 enteros aleatorios y almacenarlos en el arreglo
        for (int i = 0; i < SIZE; ++i) {
            datos[i] = dis(gen);
        }


"semiordenado"
int datos[1000] = {
        1, 2, 3, 4, 5, 6, 7, 8, 9, 10, 11, 12, 13, 14, 15, 16, 17, 18, 19, 20,
        21, 22, 23, 24, 25, 26, 27, 28, 29, 30, 31, 32, 33, 34, 35, 36, 37, 38, 39, 40,
        41, 42, 43, 44, 45, 46, 47, 48, 49, 50, 51, 52, 53, 54, 55, 56, 57, 58, 59, 60,
        61, 62, 63, 64, 65, 66, 67, 68, 69, 70, 71, 72, 73, 74, 75, 76, 77, 78, 79, 80,
        81, 82, 83, 84, 85, 86, 87, 88, 89, 90, 91, 92, 93, 94, 95, 96, 97, 98, 99, 100,
        101, 102, 103, 104, 105, 106, 107, 108, 109, 110, 111, 112, 113, 114, 115, 116, 117, 118, 119, 120,
        121, 122, 123, 124, 125, 126, 127, 128, 129, 130, 131, 132, 133, 134, 135, 136, 137, 138, 139, 140,
        141, 142, 143, 144, 145, 146, 147, 148, 149, 150, 151, 152, 153, 154, 155, 156, 157, 158, 159, 160,
        161, 162, 163, 164, 165, 166, 167, 168, 169, 170, 171, 172, 173, 174, 175, 176, 177, 178, 179, 180,
        181, 182, 183, 184, 185, 186, 187, 188, 189, 190, 191, 192, 193, 194, 195, 196, 197, 198, 199, 200,
        201, 202, 203, 204, 205, 206, 207, 208, 209, 210, 211, 212, 213, 214, 215, 216, 217, 218, 219, 220,
        221, 222, 223, 224, 225, 226, 227, 228, 229, 230, 231, 232, 233, 234, 235, 236, 237, 238, 239, 240,
        241, 242, 243, 244, 245, 246, 247, 248, 249, 250, 251, 252, 253, 254, 255, 256, 257, 258, 259, 260,
        261, 262, 263, 264, 265, 266, 267, 268, 269, 270, 271, 272, 273, 274, 275, 276, 277, 278, 279, 280,
        281, 282, 283, 284, 285, 286, 287, 288, 289, 290, 291, 292, 293, 294, 295, 296, 297, 298, 299, 300,
        301, 302, 303, 304, 305, 306, 307, 308, 309, 310, 311, 312, 313, 314, 315, 316, 317, 318, 319, 320,
        321, 322, 323, 324, 325, 326, 327, 328, 329, 330, 331, 332, 333, 334, 335, 336, 337, 338, 339, 340,
        341, 342, 343, 344, 345, 346, 347, 348, 349, 350, 351, 352, 353, 354, 355, 356, 357, 358, 359, 360,
        361, 362, 363, 364, 365, 366, 367, 368, 369, 370, 371, 372, 373, 374, 375, 376, 377, 378, 379, 380,
        381, 382, 383, 384, 385, 386, 387, 388, 389, 390, 391, 392, 393, 394, 395, 396, 397, 398, 399, 400,
        401, 402, 403, 404, 405, 406, 407, 408, 409, 410, 411, 412, 413, 414, 415, 416, 417, 418, 419, 420,
        421, 422, 423, 424, 425, 426, 427, 428, 429, 430, 431, 432, 433, 434, 435, 436, 437, 438, 439, 440,
        441, 442, 443, 444, 445, 446, 447, 448, 449, 450, 451, 452, 453, 454, 455, 456, 457, 458, 459, 460,
        461, 462, 463, 464, 465, 466, 467, 468, 469, 470, 471, 472, 473, 474, 475, 476, 477, 478, 479, 480,
        481, 482, 483, 484, 485, 486, 487, 488, 489, 490, 491, 492, 493, 494, 495, 496, 497, 498, 499, 500,

        // Arreglo con 500 números aleatorios
        1000, 893, 543, 672, 981, 783, 229, 561, 740, 472, 596, 492, 510, 708, 721, 365, 914, 188, 343, 560,
        820, 634, 945, 293, 789, 128, 693, 451, 375, 806, 919, 135, 756, 822, 307, 194, 884, 321, 506, 677,
        845, 453, 293, 411, 736, 150, 881, 665, 778, 592, 951, 659, 849, 334, 705, 612, 834, 499, 911, 462,
        593, 249, 548, 757, 263, 926, 173, 315, 384, 494, 782, 980, 641, 576, 187, 775, 328, 894, 780, 506,
        232, 991, 401, 672, 425, 312, 579, 951, 345, 907, 629, 738, 866, 122, 730, 975, 564, 213, 371, 866,
        430, 109, 847, 325, 192, 673, 309, 525, 634, 479, 291, 759, 801, 907, 482, 246, 379, 529, 930, 633,
        432, 702, 254, 790, 483, 391, 607, 258, 679, 572, 486, 729, 146, 451, 312, 186, 832, 951, 238, 614,
        775, 901, 145, 973, 428, 849, 654, 392, 279, 712, 826, 178, 382, 764, 578, 660, 873, 550, 485, 634,
        299, 318, 551, 623, 835, 426, 467, 582, 470, 754, 317, 183, 504, 213, 667, 752, 421, 492, 697, 367,
        596, 572, 420, 645, 746, 801, 933, 579, 384, 962, 337, 168, 759, 583, 789, 284, 906, 232, 145, 614,
        521, 649, 486, 823, 176, 895, 239, 676, 893, 344, 712, 348, 185, 936, 423, 741, 368, 237, 457, 280
    };



"matrices simples"
vector<vector<int>> A = {{1, 2, 3},
                        {4, 5, 6},
                        {7, 8, 9}};
                             
vector<vector<int>> B = {{9, 8, 7},
                        {6, 5, 4},
                        {3, 2, 1}};



"Matrices complejas"
vector<vector<int>> A = {
    {14,  7,  23,  5,  18,  9,  6,  12},
    {3,  15,  8,  11,  7,  20,  13,  14},
    {21,  12,  9,  17,  8,  15,  7,  22},
    {6,  18,  11,  12,  9,  3,  20,  15},
    {17,  22,  5,  13,  19,  12,  14,  8},
    {10,  14,  8,  21,  13,  9,  16,  11},
    {9,  20,  15,  7,  22,  18,  6,  12},
    {13,  11,  19,  8,  14,  10,  16,  23}
};


vector<vector<int>> B = {
    {8,  12,  5,  9,  15,  6,  14,  11},
    {7,  20,  11,  13,  8,  17,  9,  12},
    {16,  9,  20,  14,  7,  18,  13,  15},
    {11,  5,  18,  9,  12,  14,  10,  16},
    {14,  11,  6,  13,  20,  8,  17,  12},
    {9,  12,  8,  7,  11,  16,  15,  19},
    {12,  10,  14,  16,  13,  17,  11,  20},
    {7,  13,  18,  12,  15,  20,  8,  14}
};
